2
7
0
2
0
14
14
2
14
0
2
1
0
6
6
0
11
1
8
2
1
0
4
4
4
6
3
4
0
12
2
0
0
4
19
0
0
7
3
8
13
0
0
0
13
0
4
3
9
8
0
3
8
0
1
6
0
1
8
3
43
1
4
24
20
25
0
39
3
5
28
36
8
18
64
28
16
15
29
11
14
2
16
0
8
9
3
17
12
13
16
0
1
0
21
0
3
25
60
10
5
40
6
11
18
24
37
5
5
0
0
42
14
10
7
1
11
3
0
1
6
21
1
5
14
1
6
2
1
8
2
8
1
0
17
6
4
0
27
10
21
2
3
4
26
22
7
14
8
30
9
4
4
1
21
0
14
4
1
0
6
0
10
10
0
25
21
9
1
10
18
17
2
3
22
2
0
23
6
4
3
9
28
0
7
14
2
10
1
24
2
5
7
0
0
2
1
13
38
64
14
31
0
0
24
14
5
14
18
4
61
0
19
19
0
29
37
2
20
0
38
36
1
66
12
13
22
7
8
14
22
39
7
7
2
11
14
13
0
8
26
25
15
8
31
17
32
15
17
1
21
9
18
3
18
21
1
31
18
13
10
31
9
18
15
7
12
0
8
26
7
3
14
11
17
13
25
6
26
16
5
0
21
13
0
13
16
2
18
22
20
11
0
24
36
5
21
5
14
10
21
13
16
3
0
17
38
12
4
15
14
15
16
13
3
6
17
15
2
27
2
38
11
0
14
24
13
49
38
23
61
34
61
22
48
40
32
14
6
9
65
9
27
28
16
9
9
12
42
13
13
12
1
0
21
3
11
2
0
0
34
0
6
2
0
45
33
68
0
61
26
3
3
22
3
5
3
17
28
19
0
1
27
2
0
28
2
0
0
27
14
0
0
0
0
19
17
28
22
21
30
10
10
35
38
1
2
39
24
14
0
41
13
11
19
0
0
0
3
0
0
1
46
22
22
28
22
21
0
6
33
13
44
0
0
32
0
0
0
0
0
0
2
12
10
14
45
55
29
61
0
1
5
22
34
43
0
0
29
47
20
2
0
8
0
0
0
2
41
33
3
16
0
0
0
0
40
0
2
0
0
0
0
0
24
13
34
32
18
17
2
41
24
58
6
2
47
11
2
0
0
20
2
19
5
1
30
25
37
8
14
39
5
33
10
20
20
0
18
2
0
0
0
5
0
4
15
22
0
0
19
2
43
60
0
0
5
24
4
5
0
1
6
24
21
2
6
7
11
34
13
53
42
5
2
0
16
14
10
7
0
3
0
4
31
36
8
2
33
28
7
0
0
22
2
5
6
9
0
0
6
3
0
0
8
13
0
0
41
68
21
31
22
0
18
10
22
1
40
24
26
22
39
40
43
38
77
36
12
30
8
16
9
0
0
0
0
0
2
0
34
0
0
0
0
0
0
0
3
7
26
0
19
47
12
20
0
3
25
8
57
0
0
1
0
0
16
18
0
0
0
22
26
35
46
44
23
35
31
15
13
8
0
0
6
27
2
2
0
0
1
0
0
0
1
22
43
0
4
0
2
1
1
0
2
19
3
0
9
4
0
34
0
0
0
0
0
0
14
0
6
33
22
0
0
0
0
0
6
16
0
23
19
